100
255452454 0 -50531921
279383314 0 466754214
134982268 0 -279581172
869037678 0 -419381763
989726379 0 295317679
326378743 0 516416502
2143991 0 -974155333
334132070 0 -106922866
974095260 0 444386416
886087851 0 91884568
999866210 0 163391985
612332989 0 -441674411
404251743 0 538266202
380700991 0 800493118
496685165 0 618866774
113988286 0 611361670
342495713 0 971758195
969351383 0 -899425821
350789053 0 516912901
275926641 0 -467980194
437562472 0 62978190
294242967 0 293903044
543563368 0 -754097050
725807249 0 -819357419
21872802 0 811016263
458450617 0 496689684
262968368 0 -72669785
108271150 0 248740658
391674241 0 -268316268
783779458 0 -608270432
830232920 0 158940214
471575425 0 782212021
292342872 0 -375172242
465030521 0 -510635993
318396472 0 -188615468
587062436 0 -456886244
396848462 0 -88268509
892186359 0 -986005126
443904127 0 107663815
959709538 0 -350129618
450995488 0 527109855
684938013 0 -932949968
451596758 0 439641731
910011961 0 944463814
858797472 0 -430071130
112703041 0 475381261
353827876 0 -41286074
391188286 0 -794678135
956624881 0 -538390439
603725046 0 -443642391
645336050 0 -464480862
106144843 0 505419192
297466211 0 -151857825
631651136 0 179190319
558147650 0 964137230
855423990 0 -881805196
771503535 0 -450626864
325179273 0 859167218
38054564 0 248822902
339477733 0 -950844184
693892663 0 197989148
80551205 0 -309107201
126389003 0 -546855020
23675116 0 -132273703
571907834 0 -470912020
295987334 0 906110198
91556104 0 -795472503
652412730 0 -472830305
753937058 0 455290376
162964611 0 -467197775
403120654 0 208278678
264685107 0 -721810677
549986065 0 -983245055
986167046 0 921819690
724666591 0 262317445
713608325 0 37258309
91600595 0 -135200926
682621954 0 891878805
528768560 0 -836366743
297147297 0 320838502
311902606 0 105635112
162625663 0 -726712207
950611945 0 -754868189
814071581 0 409470357
995374221 0 -853392758
173491926 0 12665017
398533961 0 355264428
217515005 0 -230501295
167316938 0 361840249
437673932 0 -942130853
905164318 0 -21639837
220075410 0 -667105711
29146102 0 871477811
324178435 0 -819517315
240278802 0 527253846
7495111 0 33922015
91138907 0 -209587764
306693795 0 -144199993
508911636 0 785810416
268743374 0 -77976463
